row 1
---------------------
a: 0.0282
b: 0.0337166666667
c: 0.0684166666667
d: 0.03505
e: 0.0306
f: 0.0311833333333
g: 0.0443166666667
h: 0.02995
i: 0.0361
j: 0.0402166666667
k: 0.0376666666667
l: 0.0419666666667
m: 0.0403166666667
n: 0.0425166666667
o: 0.0334833333333
p: 0.0457166666667
q: 0.0314333333333
r: 0.0427333333333
s: 0.0351833333333
t: 0.0360833333333
u: 0.0264
v: 0.0371833333333
w: 0.0430166666667
x: 0.0414333333333
y: 0.0499333333333
z: 0.0381833333333
row 2
---------------------
a: 0.06075
b: 0.0381833333333
c: 0.0278666666667
d: 0.0390166666667
e: 0.0452666666667
f: 0.0349166666667
g: 0.0348
h: 0.0427666666667
i: 0.0332
j: 0.0323
k: 0.03915
l: 0.0418
m: 0.0364666666667
n: 0.0380166666667
o: 0.0399
p: 0.0448333333333
q: 0.0428333333333
r: 0.0323833333333
s: 0.03375
t: 0.0372333333333
u: 0.0445166666667
v: 0.03445
w: 0.0396666666667
x: 0.0321
y: 0.03375
z: 0.0410833333333
row 3
---------------------
a: 0.0388333333333
b: 0.0421166666667
c: 0.03735
d: 0.03345
e: 0.0502333333333
f: 0.0384666666667
g: 0.0385833333333
h: 0.0307
i: 0.0371166666667
j: 0.0394
k: 0.0407
l: 0.0472
m: 0.0352666666667
n: 0.0306333333333
o: 0.0296666666667
p: 0.06485
q: 0.0377
r: 0.0300166666667
s: 0.0253
t: 0.0515666666667
u: 0.0346166666667
v: 0.0377
w: 0.0396166666667
x: 0.0443833333333
y: 0.0304
z: 0.0351333333333
row 4
---------------------
a: 0.0399833333333
b: 0.04135
c: 0.0404333333333
d: 0.0384166666667
e: 0.0296833333333
f: 0.0285666666667
g: 0.0384333333333
h: 0.0418166666667
i: 0.0426666666667
j: 0.0374833333333
k: 0.04385
l: 0.0374333333333
m: 0.0360333333333
n: 0.0364333333333
o: 0.0594
p: 0.04005
q: 0.03155
r: 0.0272166666667
s: 0.0395333333333
t: 0.0339833333333
u: 0.0355666666667
v: 0.0439
w: 0.0418
x: 0.0395166666667
y: 0.03755
z: 0.03835
